10024 20023 30032 40013 50031 6004 70023 80028 9005 10005 110015 120011 
10032 2006 3004 40014 50035 6002 70023 80025 90023 100014 11001 12009 
10026 20028 30032 40016 50029 60010 70022 80021 9003 100017 11007 12008 
10014 20018 30022 40020 50035 60010 70027 80010 90031 100026 110033 12009 
10013 20020 30029 4006 50035 60013 70025 80017 90018 100015 110025 12007 
10014 2007 3006 4001 50031 60038 70024 80020 9005 100025 11001 12008 
10020 20017 30013 40025 50033 6009 70027 80024 90011 10001 110014 12007 
10030 20029 3003 40017 50030 6007 70026 8002 9004 100034 110012 12009 
10013 20010 30030 4007 50035 60015 70025 8004 9001 100029 110022 120010 
10033 20020 30016 4004 50035 60014 70024 80026 9007 100038 110014 120010 
10021 20012 3009 4005 50032 6005 70022 8006 90029 10007 110015 12007 
10015 20020 30011 40013 50033 60013 70025 8002 90025 100017 110023 12009 
10029 20022 30030 40013 50036 60013 70026 80010 90025 10009 110017 12007 
10020 20012 30011 4003 50035 60026 70022 80025 90016 10002 11004 120010 
10017 20013 3002 40030 50034 60025 70022 8007 90018 10008 11004 12009 
10029 20020 3006 4005 50031 60027 70024 80018 90032 100022 110019 120010 
10022 20026 3002 40013 50034 60016 70023 80029 90027 100034 110034 12009 
10031 20011 30016 40011 50032 60015 70022 80010 90016 10002 110010 12009 
10036 20013 3004 4006 50035 60016 70023 8007 90032 100026 11005 120010 
10019 20019 30015 40028 50033 6003 70021 80011 9006 10006 11002 12006 
10034 20018 3004 40011 50036 6005 70025 80030 90020 100039 11009 12007 
1007 20022 30027 40023 50034 60011 70022 80022 90019 10007 110010 12008 
10037 20016 30011 40014 50031 60015 70022 80020 90018 10006 110011 12007 
10012 20024 30029 40013 50031 6007 70025 80024 90015 100018 110032 120011 
10012 20015 3002 40016 50030 60024 70022 80015 90020 100019 110021 12008 
10034 2006 30017 4006 50030 60010 70026 8007 90028 100026 110023 12007 
10030 20022 30032 40017 50034 6001 70022 80010 9006 10008 110018 120010 
1004 20030 3008 40021 50032 60015 70022 80024 90016 10007 110019 12007 
1001 20025 30031 4001 50030 60015 70025 80020 9002 10006 110022 120010 
10034 20022 3003 40027 50032 6006 70025 80020 90013 100019 11005 120010 
10010 20015 3002 40026 50031 6003 70025 80017 90028 10006 110017 120011 
10013 2004 3007 40022 50036 60037 70023 80028 90024 100022 110028 120010 
10026 20021 30032 40015 50030 6007 70024 80024 90030 10008 11005 12008 
10012 20011 3002 4003 50031 6006 70027 80010 9003 100017 110024 12009 
10018 2004 3008 40026 50032 6002 70024 80023 90019 100017 11002 12006 
1002 20018 30034 4007 50035 60016 70022 80014 90017 100022 110033 12006 
10037 20026 3006 40015 50033 60014 70026 80018 90015 10005 11009 12008 
10021 20021 30014 4001 50032 6003 70024 8004 90031 10007 11001 12008 
10016 20031 3009 40010 50033 60018 70023 80010 9005 100033 110022 120011 
10019 20030 30020 40028 50030 60012 70023 80019 90016 10006 11009 12009 
10014 2002 30033 40027 50033 6002 70026 80028 90032 10004 110021 12007 
10017 20011 30027 40011 50035 60010 70021 80030 9002 100015 11003 12007 
10011 20017 30019 40028 50034 6007 70026 8001 90014 100021 110024 120011 
10021 2008 3004 40016 50030 60037 70023 8004 9004 10005 110021 12008 
10030 20019 3003 40018 50031 60017 70025 80013 9004 100015 110025 12006 
10019 2002 3001 40020 50032 60029 70024 8003 9005 100022 110026 12008 
10024 20018 3008 40021 50032 60019 70026 8009 9003 10009 110022 12009 
10010 20022 30029 40020 50037 60025 70022 80021 90020 100032 110019 12006 
10015 20030 30033 40022 50036 60012 70022 80030 90026 100024 110029 12007 
10031 20023 3001 40017 50034 60039 70026 80013 90017 100015 110024 120011 
10028 20023 30029 40023 50037 6003 70027 80025 90029 10005 110024 12009 
10018 20013 30018 40017 50032 60014 70024 8004 90028 100015 110018 12006 
10020 20020 30016 40020 50036 60014 70026 80026 9001 10004 11005 12006 
10031 20025 3007 40030 50032 6008 70022 8007 90023 10002 110023 120010 
1002 2003 30029 40026 50033 60010 70024 8003 9004 10003 110021 12005 
10022 20029 3008 40011 50034 6002 70027 80011 9007 10001 110016 12007 
1002 20028 30027 40019 50032 60014 70022 80018 90031 100030 110021 12005 
10016 20019 30019 4005 50036 60026 70025 8005 9005 100015 11007 12008 
10013 2008 3006 4009 50035 6004 70023 80027 9006 100025 110014 12005 
10034 20027 30017 40025 50032 6005 70024 80010 90029 100026 110012 12006 
1001 20016 30017 40022 50036 6002 70027 80015 90025 100014 110023 12008 
10031 20023 30019 4001 50032 60025 70023 80014 9003 100026 110022 12008 
10036 20013 3005 40018 50035 6004 70026 8008 90028 100011 11007 12007 
10037 20030 30018 40015 50035 60030 70026 80030 90015 10005 110018 12008 
10031 2002 3005 40029 50035 60014 70022 80030 9005 100018 11007 12008 
10017 20017 30016 40010 50034 60038 70024 80029 90020 10006 110018 12008 
10018 2009 30018 4003 50036 6004 70023 80014 90031 100019 11008 120011 
10011 20027 30020 40016 50034 6002 70026 80011 90017 100037 110034 12006 
10024 20010 30020 40031 50029 60010 70025 8001 90020 100016 110022 120010 
10013 20021 30030 40029 50034 60011 70024 8005 90025 100025 110014 120010 
10036 2002 3001 40018 50033 60011 70021 80026 100015 110032 12006 
10029 20011 3009 40021 50032 60011 70023 80020 90029 10007 110011 12009 
10016 20015 30028 40025 50030 60010 70023 80010 90030 100021 11003 120010 
10030 20013 3009 4004 50033 60035 70024 8001 9001 100013 110032 12008 
10012 20018 30032 4001 50034 60021 70021 80011 9003 100015 110020 12007 
10017 20019 30020 40018 50031 60038 70022 80023 90015 10008 110018 12009 
10035 2004 3002 4001 50032 6005 70022 80010 90032 100015 110028 12006 
10028 20028 3002 40015 50031 60023 70025 8006 90022 100022 11001 12007 
10010 20024 3001 4007 50033 60010 70024 80013 90024 100018 11009 120010 
10033 20025 3007 40025 50030 60012 70025 80027 90018 100038 110033 12008 
10023 20025 30015 40020 50034 6001 70027 80019 90029 10005 11003 12009 
1004 20021 30013 4001 50032 60015 70025 8002 90028 100019 110017 12009 
10010 2006 30022 40028 50032 60010 70024 80013 90020 100017 110014 120011 
10022 2008 30017 40024 50030 60024 70025 80010 9003 100014 110021 120011 
10023 20020 30015 40029 50031 60025 70027 8005 90013 100017 110025 120010 
10015 20017 3002 40024 50031 60010 70024 80010 90022 100035 11006 12009 
10021 2002 3006 40013 50030 6007 70025 8001 9006 100026 110013 120010 
10017 2003 30011 40011 50035 6009 70023 80014 90026 10004 110029 12006 
1002 2008 3008 40016 50034 60038 70027 80021 90020 100028 11001 12009 
1001 20012 30027 40018 50033 60013 70027 80025 9005 100025 110022 120011 
10013 20015 3009 40024 50029 60010 70023 80023 90031 100011 110023 12005 
1001 20028 30018 40025 50033 60024 70026 8005 9006 100024 11009 12008 
10015 20019 30033 40016 50031 60010 70024 80017 9001 10002 11007 12006 
10028 20010 30015 40025 50033 60033 70026 80016 90024 100019 110014 12009 
1003 20015 30032 40015 50035 6005 70026 80028 90016 100025 110020 12005 
1001 20019 30029 4007 50035 60010 70027 80014 90016 10004 110032 120010 
10022 2005 30032 40019 50034 60036 70024 8002 90031 100019 110013 12006 
10022 20026 3003 40021 50029 60014 70025 80030 90032 10005 110014 12009 
1001 20029 30028 40022 50032 6003 70022 8001 90018 100030 11003 12007 
1001 20019 30031 40030 50033 60023 70024 80017 9001 10007 110016 12009 
1009 2001 3005 40025 50032 6001 70024 80029 90028 10008 110013 12008 
10021 20025 3004 40024 50031 60016 70025 80028 9002 10008 11006 120011 
1002 20019 30027 40027 50036 60038 70022 80019 9003 100023 11005 12007 
10015 20022 30024 40031 50035 60010 70023 80022 90025 100017 110032 12008 
10023 2003 30019 40016 50033 60023 70027 80029 9005 10002 11004 12005 
10029 20013 30027 40020 50031 60022 70027 80014 9002 10005 110034 12006 
10028 20011 30019 40025 50031 60039 70023 8006 9002 100023 110020 12007 
1003 2005 30031 40015 50036 6006 70022 80019 90025 100036 110033 12008 
10017 20026 3008 40017 50031 60016 70027 80016 9001 100023 110023 120011 
10017 20026 30012 4006 50036 60038 70024 80012 90025 100025 11001 12006 
10014 20014 3006 4005 50033 6007 70023 80024 9007 10006 110010 12009 
1005 20029 3001 4008 50031 60014 70027 80026 90023 100024 110016 12007 
10027 2005 3003 4004 50035 60018 70027 80010 90019 100031 11009 12007 
10029 20027 30030 4005 50036 60010 70023 80018 90021 100025 110019 12006 
10030 20024 30010 40015 50036 60013 70025 80024 90012 100024 110010 12009 
10018 20013 30013 40025 50030 60023 70026 8001 90030 100032 110033 12009 
10020 20019 30031 40010 50032 6004 70024 80027 9003 100015 110010 12006 
1004 20029 3007 4008 50031 6002 70025 80021 90012 100021 11001 12008 
10017 20020 30030 40029 50036 60010 70023 80025 90028 10001 110024 12009 
10029 2007 30019 4001 50036 60022 70025 80028 90033 100037 110033 120010 
10034 20011 30031 40019 50035 60037 70026 80012 9003 100015 11009 12007 
10012 2006 30014 40018 50034 60013 70022 80015 90032 100011 110011 120010 
10012 20015 30034 40021 50036 6004 70021 8003 90031 100022 110022 12009 
10033 20012 30011 40011 50034 60013 70026 80029 90032 100016 110013 120011 
10011 20014 30015 4008 50036 60038 70023 80021 90021 100027 11003 120011 
10032 20019 3005 40014 50029 60010 70025 80020 90032 100018 110034 120011 
10035 2002 30014 40010 50033 6009 70021 80031 90014 10007 110016 12007 
10011 2009 30012 40022 50034 60024 70023 80015 9009 10004 11004 12006 
10011 20019 30019 40030 50033 6008 70025 80014 9002 100019 11004 120010 
1002 2005 30020 40012 50030 6005 70025 80026 90014 100034 110025 120011 
1002 20019 30033 40018 50037 60022 70023 8004 90012 100034 110020 12006 
10024 2007 3006 4004 50031 6007 70022 80018 90016 100024 110034 12008 
1009 20018 3003 4006 50031 60012 70023 8007 9002 10006 110024 12005 
10033 20016 30016 4009 50034 60026 70024 80013 90012 100017 110023 12008 
1007 20014 30033 40018 50033 60030 70023 80010 9007 10001 110022 12009 
1007 20017 3001 40016 50032 60022 70024 80020 90021 10009 110029 12009 
10037 20029 30030 40030 50034 60023 70024 80029 90029 100024 11003 12006 
10017 20010 3001 4008 50035 60038 70025 8001 9008 100025 11006 12006 
10014 20012 30015 40016 50033 60011 70024 80025 90022 100015 110025 12008 
10013 2009 3006 40017 50029 6004 70027 80021 90020 100014 110022 12008 
10015 20012 30023 40025 50035 60023 70023 80030 9004 10007 110012 12007 
10016 2009 3007 4007 50034 60033 70023 8003 9001 10003 11009 12007 
10021 20012 30032 40029 50033 6005 70021 8002 90014 100020 110014 120010 
1003 20016 3004 40029 50035 6002 70026 80023 90015 100027 11005 12006 
1001 20023 30015 4001 50029 60013 70025 80025 90033 10008 110014 12007 
10017 2009 30031 40024 50032 6003 70022 8008 90032 100016 110015 12008 
10034 2004 30032 40030 50031 60019 70025 80022 90017 10002 110015 12006 
10035 20013 30010 40026 50032 60038 70025 80010 90031 10002 11007 120011 
10012 20014 30013 40029 50030 60012 70023 8003 90019 100018 110032 12007 
1006 2001 30014 4007 50033 60014 70024 80027 90032 100023 110015 12007 
10034 20021 3005 40022 50031 6002 70022 8003 90032 10001 110013 12008 
10011 20023 3004 40029 50035 60013 70023 80023 90025 100037 110023 12006 
10024 2008 30015 40012 50033 60011 70024 8004 90023 100017 110021 12009 
10036 2008 30025 40019 50037 6008 70026 80014 90029 100023 110017 120011 
10026 20022 30012 40020 50033 6008 70024 80018 9001 100025 11002 12006 
10034 20024 30010 4001 50030 60023 70024 80020 90015 100018 11002 12007 
1001 20030 3008 40031 50037 6003 70025 80016 9003 100017 110018 120010 
1004 20015 30030 40028 50033 6002 70026 8007 90014 100024 110026 12008 
10032 20028 30018 40022 50035 60022 70026 80021 9001 10006 110012 120010 
10017 20014 3007 40014 50036 60024 70024 8008 90028 100033 110020 12008 
10034 20025 30033 40022 50034 60020 70027 80022 9001 10003 11002 120010 
10030 20026 30018 40020 50032 60025 70024 80013 90017 100018 11001 120010 
10028 2005 3007 40010 50032 60010 70026 80012 9002 100032 110015 120010 
10014 20012 30020 40027 50032 6008 70024 80013 90024 100030 110025 12005 
1006 20016 30019 4004 50035 60010 70027 8005 90014 100021 110023 12008 
1005 20022 3004 40010 50032 60022 70023 80027 90021 10007 110023 120010 
1009 20018 3001 4004 50030 6005 70022 8001 90017 100014 11006 120010 
10016 20014 3008 40013 50030 60025 70022 80029 9005 100011 110021 12007 
10033 20014 3004 40011 50035 60012 70022 80020 9002 10009 11006 12007 
10018 2003 3002 40030 50031 60023 70024 8002 90022 100033 110023 12006 
10032 20013 30030 40027 50029 60039 70022 80020 90023 100018 11005 12006 
10017 20011 3005 4009 50034 6009 70025 80023 9006 100023 11006 120010 
10017 2009 3001 4002 50033 60023 70025 80024 90016 100031 110014 12005 
10017 20026 30025 4001 50031 60019 70024 80025 90025 100038 11003 12007 
10016 20024 30015 40019 50031 60021 70025 80017 90017 100031 110017 120010 
10034 20029 3008 40024 50032 6001 70027 80015 9006 100015 11006 120010 
1001 20017 30011 40026 50031 60020 70022 80014 90022 100021 110032 12008 
10013 2001 3001 40021 50035 60038 70023 80019 90029 100014 11009 12009 
1002 20019 30031 4008 50032 60016 70026 8003 90030 100028 110013 12006 
10029 20025 30030 4005 50033 60024 70022 80017 90030 100018 110024 12008 
10025 20030 3007 40021 50034 6001 70025 8007 90032 100026 11009 120011 
10037 2007 30016 40030 50030 60025 70022 8009 90027 100014 110020 12009 
10020 20022 3005 40026 50034 60019 70026 8009 90015 100034 11003 12005 
10016 20017 30017 40029 50036 6005 70027 80025 9003 10001 110022 120011 
10010 20029 30010 40011 50031 60014 70026 80013 9004 100034 110014 12009 
10022 20022 30019 4009 50031 6006 70026 80016 90031 100023 110032 12009 
10030 2007 30030 40017 50030 60014 70026 80028 90019 100021 11001 12006 
10015 20014 30016 4006 50033 6002 70027 80012 9007 100016 11002 120010 
1001 2005 30033 4007 50034 60015 70026 80020 90017 10005 110021 12006 
10016 20030 30028 4008 50033 60011 70027 8006 90028 100027 110018 12006 
10030 20011 3005 40021 50033 6005 70026 80024 9005 100036 110032 12006 
10031 2002 30029 4003 50036 6002 70026 80012 90014 10004 110013 120010 
10035 20024 3006 4008 50034 6002 70026 80024 90028 10007 110015 12008 
10033 20028 30018 40022 50033 6008 70023 80011 90012 100032 110012 12008 
10015 2009 30019 40011 50032 60038 70022 80024 9003 100022 110012 12007 
10022 2007 30027 40010 50034 60039 70025 8005 90031 100021 110011 12009 
10016 20028 3001 40019 50034 60011 70035 80012 90017 100022 110020 120021 
10035 2002 3004 4009 50030 60026 70035 80026 90013 10008 110011 120011 
10035 20011 3006 4007 50035 60014 70035 80016 9006 100018 110025 120020 
10016 20025 3006 4001 50036 6006 70034 80022 9006 10004 110025 120011 
10030 20022 3007 40018 5005 60034 70019 8004 90026 100010 110011 120017 
10022 20021 3008 40018 5001 60036 70015 80022 9005 100011 11003 120020 
10019 20014 3007 40029 50028 60031 70018 80023 9001 100011 110024 120023 
10037 20017 30017 4009 5008 60031 70014 8008 9002 100011 110018 120020 
10013 2009 30016 40010 50015 60027 70018 8008 90016 100010 110010 120016 
1008 20012 30030 40020 50024 60029 70019 80030 90017 10008 110011 120015 
10021 2005 3006 40028 50029 60035 70019 80011 9002 100012 11004 120023 
10018 20025 3009 40023 50023 60036 70014 80015 90029 100014 110012 120017 
10015 2006 30017 4007 5004 60033 70018 80027 90027 100011 110029 120018 
1001 20015 30031 4004 50021 60026 70017 8004 90029 10008 11003 120017 
10014 2009 30015 40024 50024 60038 70016 80012 90025 100011 110017 120024 
10036 2005 30019 40024 5009 60031 70018 80026 90022 100010 110011 120020 
10021 20030 30020 4009 50019 60035 70014 80023 90026 100010 11007 120024 
10031 20023 30032 40027 50017 60028 70018 80024 9006 100013 110010 120022 
10022 20016 30018 40020 50019 60034 70014 8007 9003 100011 110024 120023 
10030 20028 30013 40020 50011 60031 70015 80023 9007 10009 110021 120015 
1005 20022 30018 40030 50023 60032 70014 8007 9005 10008 11004 120013 
10016 20012 30033 40010 50029 60026 70015 80014 90023 100011 110010 120023 
1002 20020 30012 40021 50029 60032 70016 8002 90023 100011 110013 120024 
10034 2009 30033 40017 50019 60032 70018 80016 9008 100013 110022 120020 
10033 2003 30015 40028 50034 60033 70016 80013 9004 10009 110022 120022 
10013 20027 30016 40019 50021 60034 70016 80028 90028 10009 110032 120016 
10034 2003 30011 40019 5001 60038 70016 8006 90022 100012 110031 120022 
10030 20029 30029 40016 5006 60034 70017 8001 90019 100010 110014 120015 
1005 20019 30016 40030 50018 60032 70015 80018 9001 100012 11009 120021 
10029 20024 30029 40012 50022 60026 70018 80018 9001 100012 110011 120023 
10033 20019 30014 4007 5004 60035 70016 80018 90028 100013 11004 120023 
10031 20018 3004 4004 5006 60036 70019 80011 9005 10008 11005 120023 
10037 2008 3004 40021 50036 60028 70018 80017 90030 100010 110032 120016 
10021 2003 30028 40020 50010 60036 70016 80013 90028 10009 110018 120022 
10015 20022 3008 40026 50017 60027 70014 80029 90020 100012 110014 120022 
10015 20026 30016 40015 5005 60030 70014 80027 90033 100010 11008 120019 
10037 20026 3004 4004 50020 60027 70017 80030 90021 100012 110033 120016 
10034 20017 30012 4004 5003 60033 70017 80012 90033 100013 110019 120013 
1009 20011 3002 40028 50017 60027 70018 80028 90032 100013 110013 120017 
10011 20015 30028 4003 5003 60029 70017 80014 9005 100010 11008 120013 
10011 20010 30016 40027 50020 60036 70015 80020 90015 100011 110010 120020 
1007 2007 30027 40015 5001 60032 70015 80016 90015 100012 110031 120023 
10014 20019 30034 4008 50022 60030 70017 80030 90028 10009 110019 120023 
10016 2002 3003 40031 50014 60028 70017 80028 90027 100012 11004 120017 
10022 20023 30024 40018 50010 60032 70017 80019 90023 100012 110015 120023 
10034 20015 30034 4008 5008 60028 70019 80011 90025 100012 110031 120023 
10027 20030 3003 40028 50019 60038 70015 80010 90030 100013 110024 120022 
1004 20030 30013 40023 50017 60035 70018 80028 90030 100013 11006 120017 
10018 2004 3004 40027 50027 60026 70019 8004 90031 100014 11003 120014 
10036 20029 30022 4006 50018 60036 70017 8009 90024 100013 110015 120015 
10019 2001 3009 40018 50019 60031 70014 80026 90023 10009 110021 120020 
10016 20023 3002 40015 5006 60035 70014 80023 9003 100013 110017 120014 
10037 20023 3005 40023 50021 60034 70016 80020 90022 100012 11009 120018 
10031 2002 3006 40031 50021 60026 70019 8009 90026 100012 110022 120021 
10037 20025 30020 40022 50023 60029 70018 80022 90019 100013 110015 120021 
10011 20014 30011 40022 50021 60036 70018 80028 90030 100014 110021 120020 
10018 2006 3002 40028 50026 60033 70019 80016 90030 10009 110014 120020 
1001 20023 30020 40017 5005 60026 70015 80017 90018 100010 110012 120019 
10030 20018 30030 40015 50028 60033 70018 80027 90016 100013 11009 120018 
10033 20025 3003 4008 50037 60031 70015 80027 90022 100012 11007 120021 
10019 2003 30011 40018 50023 60027 70018 80019 90032 100011 110024 120023 
1004 20011 30011 40024 5004 60030 70017 80015 90029 100014 11007 120019 
10031 2006 30015 40012 50021 60037 70014 8001 90026 100012 110013 120019 
10017 20020 30031 40015 5005 60035 70014 8009 90015 10008 110031 120022 
1006 2004 30018 40017 50033 60026 70016 80018 90028 10009 110019 120023 
10012 20016 3006 4006 50025 60028 70017 80026 90019 100010 110016 120020 
10030 2003 3002 40031 50029 60032 70015 80022 90031 100013 11006 120024 
1002 2001 30028 40010 5005 60026 70016 80011 9004 10008 110013 120023 
1003 2002 30012 4005 50018 60034 70014 80013 90017 10009 110018 120021 
10032 2006 30031 40029 50010 60034 70017 80017 90031 10009 110019 120022 
10018 20016 30034 40022 5009 60026 70017 8006 90030 100010 110011 120018 
10035 20020 30012 40014 5002 60037 70018 80014 90027 100013 110017 120016 
10034 20016 30010 40026 50013 60031 70017 80013 9003 10009 110015 120017 
10010 20019 3009 4006 5004 60027 70016 8007 90016 100010 110026 120021 
10034 20010 30011 40014 5005 60027 70018 8009 9004 100010 11006 120019 
10011 20023 30018 40024 50013 60037 70018 8008 90029 100014 110021 120018 
10028 2004 30017 40020 50022 60032 70017 80010 9002 10008 11001 120023 
10036 20016 30020 4009 50026 60033 70016 80017 90016 10009 110018 120018 
10016 20031 30033 40012 50017 60027 70017 80026 90010 100010 110034 120017 
1007 2009 3008 40020 5005 60028 70019 80010 90025 100013 110031 120021 
10016 20016 3005 40011 50011 60029 70015 80027 90019 100014 110027 120017 
10027 20026 30032 40021 50036 60030 70013 80023 90019 100013 110023 120023 
10018 2009 3008 40017 50018 60030 70015 80010 9005 100012 110024 120014 
10015 20022 30011 40017 50029 60029 70016 8008 90024 10009 110012 120017 
10020 20027 30018 40020 5005 60030 70015 80023 90022 100011 11009 120018 
10018 20020 3009 40030 50017 60036 70019 80014 90019 100011 11004 120014 
1005 20027 3006 4008 50030 60030 70017 80010 90023 100011 110033 120017 
10025 20029 3007 40031 50036 60033 70019 80028 90021 100013 110013 120013 
10030 20029 3006 40028 50018 60029 70013 80021 9003 100012 110017 120024 
1001 20021 3003 40020 50010 60033 70015 80023 90032 10009 110024 120022 
10035 20019 3004 4007 5006 60036 70015 8009 9002 100010 110021 120019 
10026 20012 30016 40029 50010 60033 70014 80019 90020 100010 110010 120016 
1002 2004 30021 4005 50029 60033 70017 8006 90029 100011 110013 120024 
10017 2009 30024 40030 5003 60026 70019 8005 9006 100014 110029 120021 
1006 20014 30032 40020 5008 60035 70016 80021 9001 100013 110010 120018 
10018 20016 3001 40021 5001 60035 70014 8007 90017 10009 110015 120014 
10032 20024 30017 4001 50037 60030 70015 80024 9006 10009 110031 120014 
10033 20029 30016 40025 5003 60026 70017 8003 9002 100014 110025 120015 
10036 20020 30021 40028 50030 60031 70015 8008 90031 10009 11009 120022 
10032 20029 30027 4001 5004 60035 70017 80011 90031 100014 110014 120016 
10012 20014 30029 40017 5006 60037 70017 80019 90029 100014 11004 120019 
10010 2008 30015 40020 5005 60031 70019 80013 90016 100010 110024 120018 
10035 2002 30010 4009 50026 60036 70016 80019 90014 100013 110023 120022 
10016 2006 3002 40013 50020 60034 70013 80014 90022 10009 110013 120014 
1002 20010 3008 40031 50023 60028 70019 80013 90022 100014 110012 120023 
1002 20028 30034 40010 50029 60037 70015 80022 90032 100010 11004 120020 
1001 2001 30011 40018 50021 60026 70019 80027 90011 100015 110014 120023 
10032 20030 30028 4007 50032 60028 70018 8008 90029 100011 110017 120024 
10035 2005 30030 4005 5009 60028 70014 8001 90018 100013 110023 120015 
10030 20012 3003 40031 50026 60029 70019 80020 90022 10008 11008 120024 
10010 20012 30014 4007 5005 60026 70014 80025 90027 100012 11005 120021 
10011 20025 30029 4005 50022 60031 70018 80024 90023 100010 110021 120022 
10034 20016 30013 4002 50022 60033 70015 80015 90025 100014 110016 120019 
10031 20018 30017 4009 50027 60037 70018 80026 90022 100011 110017 120020 
1008 20022 3006 40024 50010 60028 70017 8008 90024 10008 110010 120022 
10019 2008 30015 40014 50010 60029 70015 80012 90027 100010 110022 120013 
1002 20030 3005 40017 5008 60033 70017 80030 90032 100010 110021 120014 
1004 2007 30026 40016 50030 60028 70014 80015 90031 100011 110024 120022 
1001 20015 30014 4004 50024 60037 70019 80016 90030 100012 11001 120015 
10034 20013 30019 40030 50024 60026 70018 8002 90022 100010 110012 120014 
10022 20016 3002 40014 5005 60027 70017 80019 9004 100013 11002 120025 
10014 2002 30010 4009 50024 60030 70018 80021 90029 100014 11002 120019 
10028 20030 30013 40029 5003 60030 70017 80024 90017 100012 110016 120023 
10011 2002 3003 4008 5002 60035 70016 80021 90027 100010 11005 120019 
10011 20016 30020 4006 50019 60029 70016 80010 90032 10009 110017 120017 
10017 20022 3001 40010 50023 60027 70015 80030 90026 100011 11006 120023 
10014 20019 3009 40022 5007 60027 70013 80016 90025 10008 11004 120019 
10012 2007 3002 40019 5004 60036 70016 80025 90023 100013 110012 120023 
10030 20020 30011 40013 5007 60033 70014 80012 90021 10009 11002 120022 
10016 2005 30011 40030 50029 60033 70014 80015 90016 10008 110033 120017 
10036 2009 30010 40026 50028 60037 70016 80022 9005 100012 110017 120014 
10033 20020 30031 4002 50023 60032 70016 80018 90017 100014 11001 120018 
10034 20026 3007 40026 50029 60031 70018 8007 90016 10009 110020 120019 
10012 2001 3003 40013 50035 60026 70018 8007 90017 10009 110024 120021 
10019 20012 3009 40015 50033 60028 70017 80011 90023 100010 110025 120019 
10014 20025 3005 4001 50029 60036 70014 80020 9007 100013 110010 120022 
10025 2005 30024 4009 50020 60036 70018 80020 9001 100012 110017 120018 
10016 2009 30028 40010 50027 60032 70016 8002 9004 100011 110026 120023 
1003 20020 30010 40014 5007 60031 70014 80031 9002 100013 11006 120016 
10018 20018 30028 40023 50011 60028 70019 80012 90025 100013 110010 120018 
10020 2002 30027 4001 50023 60030 70014 80010 90020 100012 110014 120015 
10013 20027 3003 4008 5006 60030 70016 8008 90024 100012 11009 120024 
10023 20023 30010 40013 5006 60034 70016 8002 90020 100011 11003 120015 
10019 2001 3008 4003 50020 60034 70016 80017 90017 100014 110010 120019 
10013 20023 30011 40028 5001 60027 70018 80020 90023 100012 11006 120024 
10018 2009 30031 40014 5005 60035 70014 8007 90020 100012 110022 120018 
1004 20024 30027 40010 50020 60028 70015 8007 90026 10008 110022 120019 
10031 2003 3007 40026 50017 60030 70014 8002 9001 100012 11006 120014 
1004 2007 30013 40022 50016 60035 70014 80017 9007 100012 110022 120021 
10017 20015 3008 40017 50028 60032 70015 80011 90025 100010 110011 120024 
10033 20027 30012 4006 5006 60034 70019 8002 90015 100015 110024 120022 
10018 20018 30022 40028 50023 60026 70017 80020 90021 100010 110011 120019 
10013 20013 30029 40026 50030 60027 70016 80030 90030 100010 110013 120013 
1002 20025 30029 40013 5002 60036 70015 80015 90026 100014 110011 120016 
10025 20022 30012 40016 50029 60032 70015 80013 9001 100010 110016 120021 
10023 20013 30019 40020 50016 60026 70014 80030 90019 100011 11009 120016 
10030 20014 3005 40021 50017 60032 70016 80017 90025 100011 110014 120022 
10036 20027 30010 40024 50022 60031 70019 80021 90010 10009 110018 120018 
10015 20020 3001 40015 50025 60031 70015 80016 90025 100011 110033 120019 
1002 2005 30027 40021 50037 60030 70013 80026 90027 10008 110012 120017 
10034 2006 30013 40010 50031 60038 70018 80025 90029 100012 110026 120019 
10013 2004 3002 40015 5001 60034 70019 8007 9003 100014 110010 120021 
10020 20017 3003 4008 50013 60029 70016 8003 9006 100010 110032 120019 
10031 20026 30033 4005 50023 60032 70018 80014 90033 10008 110017 120018 
1002 2007 30017 4007 5001 60027 70018 80024 90028 100011 110012 120024 
10023 2001 3007 40029 50022 60031 70014 8009 90025 100012 11005 120021 
1002 2005 30032 40019 50019 60028 70014 80029 9005 100010 11008 120023 
1001 20015 30012 40022 50022 60037 70019 80014 90025 100013 110022 120020 
10029 20027 3002 40027 5004 60031 70015 80015 90020 10009 110015 120022 
10034 20027 30031 40016 50017 60036 70019 80022 90031 100011 110019 120022 
10035 20031 30033 40012 50016 60029 70018 80028 9007 100012 11006 120021 
10035 20024 30019 40014 50030 60029 70017 80017 90021 100014 11003 120021 
10030 20027 30025 4004 50015 60027 70013 80014 9005 100011 11007 120023 
10015 20011 30014 40017 5006 60033 70019 80024 90016 100013 110024 120013 
10033 20022 30020 40031 50027 60037 70016 80021 9007 100013 110012 120015 
10028 2009 30010 40011 50017 60031 70017 80019 90026 10009 11007 120022 
10020 20025 30012 40012 50013 60034 70014 8004 9004 100012 11003 120024 
1003 2006 30015 40025 50024 60037 70015 80012 90016 100010 11005 120024 
10020 20013 3002 4006 50021 60028 70018 80021 90017 100013 110033 120021 
10027 20020 30033 4006 5003 60038 70016 80025 90033 100010 110014 120024 
10017 20018 3009 4006 5004 60033 70016 8003 90019 10009 110032 120024 
1006 2007 3008 40029 50012 60035 70015 8009 90033 100013 11004 120013 
10029 20020 30017 40025 50020 60030 70013 8001 90015 100011 110019 120014 
10019 2004 30013 40014 50025 60032 70015 80014 9007 100013 110024 120024 
10032 20016 30012 4009 50036 60026 70014 80016 90033 100014 110012 120018 
10031 2008 30012 40020 50018 60030 70019 8009 90025 100014 11004 120022 
10035 20018 30023 40031 60032 70017 8004 90026 10008 11005 120024 
10029 2008 3003 40021 50026 60028 70018 80017 90033 100012 110010 120023 
1003 20024 30011 4008 50010 60033 70017 80029 9001 100014 110021 120024 
10017 2005 30027 40025 5009 60029 70014 8005 9006 100013 110010 120020 
10037 20024 3005 4001 50028 60033 70019 80017 90032 100011 11004 120016 
10036 20016 30019 40025 5003 60029 70016 8006 90031 100012 11004 120021 
10024 20018 3007 4007 50012 60029 70019 80018 9005 100013 110021 120023 
1003 20016 30025 4007 50022 60032 70019 8008 90018 100012 110022 120016 
10031 2004 3008 40031 5001 60032 70013 80020 90021 10009 11004 120024 
10016 20010 30014 40020 50010 60030 70018 8001 90018 100011 110032 120014 
10012 20027 30030 4003 50035 60029 70015 8001 9004 100013 110013 120020 
10011 20013 30029 4005 50023 60034 70015 80023 90021 10009 110018 120017 
1004 2002 30014 40014 5003 60032 70017 8004 90027 100015 11003 120020 
1003 20027 30010 40025 5008 60035 70018 80024 90020 10009 11003 120015 
10028 2002 3003 40010 5003 60039 70021 80013 90021 100016 110033 120023 
10030 20011 30032 40023 5008 60038 70020 80020 90032 100016 110013 120025 
10036 20021 30015 40013 50022 60038 70020 8009 90019 100017 110021 120028 
10015 20022 30031 40028 50023 60035 70025 80030 90029 100014 110019 120026 
10035 2009 30032 40013 50023 60022 70031 80030 90012 100033 11007 120041 
10018 20020 30028 4009 50018 60021 70029 80013 90011 100022 110024 120039 
10032 20011 30018 40016 50024 60021 70030 80022 90011 100037 110033 120042 
1009 20010 30028 40011 50034 60016 70030 80023 90013 10007 110025 120039 
1003 2001 30018 4002 5006 60021 70029 80029 9009 100012 110018 120038 
1001 20015 30012 40016 50017 60018 70028 8007 90013 100018 11006 120039 
10021 20025 30027 40025 50020 60019 70029 8002 90012 100025 110021 120040 
10032 20014 3003 40022 50010 60019 70032 8009 90010 100015 110016 120040 
10030 20017 3007 4004 5002 60020 70031 80013 90010 100033 110011 120041 
1004 2001 3004 40024 50015 60022 70033 80014 90011 100026 110017 120041 
10023 2007 30014 40010 50010 60020 70033 80026 90012 100029 110020 120037 
1003 2003 30018 4002 5002 60016 70032 8005 90011 100032 110012 120040 
10037 20031 30029 4004 5002 60018 70029 80030 90013 100021 110025 120042 
10021 20029 30032 40022 5004 60018 70028 80026 90012 100016 110013 120040 
1004 20030 30028 4009 50029 60019 70034 80018 9008 100026 110018 120039 
10016 20020 30010 40023 50031 60021 70033 80029 90010 10003 110016 120041 
10032 2003 3006 40030 5009 60020 70029 8003 90011 100027 110011 120038 
10015 20030 3006 4003 50036 60020 70029 80016 90013 10008 11009 120037 
10015 2004 3005 40011 50018 60021 70029 80015 90011 100033 110024 120037 
10021 2001 3004 40012 5009 60021 70033 8001 90013 100039 11004 120042 
10010 20030 30018 40020 50020 60019 70033 80017 90014 100020 110010 120037 
10036 20021 30032 40018 5002 60019 70029 8008 90014 100018 110018 120041 
10011 2008 3005 4009 50021 60018 70029 80026 90013 100020 110022 120040 
10011 2005 30015 40016 50022 60017 70033 80023 90010 100014 110012 120040 
10033 20015 3007 40013 50023 60019 70028 80016 9008 10006 110017 120041 
10030 20017 30026 4008 5002 60020 70028 8009 90011 100026 110020 120042 
10034 20027 3002 4009 50030 60019 70031 80022 90013 100026 11003 120041 
10019 20011 30013 40027 5001 60022 70032 80029 9008 100014 110033 120040 
10017 20013 3004 4005 5002 60019 70029 80026 90012 100022 110030 120037 
10034 20012 30032 40030 5009 60019 70030 80023 90011 100033 110023 120039 
10012 20017 30018 40030 50024 60021 70030 80013 9009 100023 110013 120042 
10034 2001 30014 4009 5003 60019 70031 8005 90013 100017 110014 120040 
1004 20027 30017 4006 5008 60018 70032 80010 9009 100032 11004 120037 
10015 20011 30034 40027 50012 60018 70032 8007 9007 100034 11009 120042 
10016 2006 3002 40026 5001 60021 70030 80014 9008 10007 110017 120040 
10020 20020 30014 40015 50034 60022 70028 80023 90011 100021 11003 120041 
10031 2009 3003 40018 5008 60020 70031 80015 90010 100017 11001 120036 
1002 20029 3009 40023 50025 60016 70030 80030 90012 10003 110013 120037 
10014 20018 30027 40015 50027 60018 70032 80022 9008 10003 110015 120040 
10021 2009 30024 40011 50030 60019 70029 8007 90011 100019 110033 120040 
10036 20010 30010 40023 50024 60018 70033 8001 90012 100018 110014 120041 
10014 20025 30029 4009 50020 60018 70029 80023 90010 100028 110018 120037 
10027 2004 30010 4003 50020 60020 70032 80018 9009 100018 110013 120040 
1001 20027 3006 40030 50021 60017 70032 8004 90011 100023 110015 120040 
10032 20018 3008 4008 50020 60015 70032 80030 9007 100019 110027 120037 
10029 2004 30027 4008 50022 60016 70029 80030 90014 100018 110010 120037 
10037 2003 30031 4005 50022 60019 70029 80014 9009 100034 110017 120037 
10018 20016 30017 40030 50023 60017 70028 8003 90012 10001 110033 120040 
10021 20011 3008 4002 50017 60019 70033 8001 9009 100020 11006 120042 
10035 20014 3007 40016 5004 60022 70031 8008 9008 10007 11009 120042 
1004 20010 30028 40030 50037 60017 70033 80021 90012 100033 11006 120042 
1004 2001 30012 4004 50018 60021 70032 80020 9009 100034 110026 120038 
10029 2008 30017 40017 50030 60018 70033 80026 90010 100037 110021 120041 
10031 2003 30015 4005 5004 60018 70030 8006 9009 100016 110022 120037 
1008 20029 3003 40031 50024 60017 70032 80027 90011 10005 110029 120039 
10031 20018 30016 40026 50028 60018 70031 80014 9008 100032 11001 120042 
1001 20021 30018 40012 5007 60022 70033 8002 90010 10002 110011 120039 
10016 20013 30023 4005 5007 60016 70030 80017 9009 10005 11007 120042 
10035 2003 30010 40032 50027 60016 70029 8007 90010 10003 110016 120036 
10014 2005 30017 40018 5008 60019 70033 80025 9008 10001 110020 120039 
10035 2005 30018 40016 50024 60021 70034 80016 90013 100018 110019 120038 
10028 2007 3005 40018 5003 60016 70030 80023 90013 100024 110011 120039 
10036 20023 30011 40028 50010 60020 70032 8003 9008 100018 11006 120038 
10033 20026 30010 40012 50023 60016 70031 80014 90011 10006 110020 120038 
10032 20024 30011 40020 50011 60020 70032 80024 90012 100020 110014 120038 
10018 20016 30013 40019 50019 60016 70030 80026 9009 10007 11002 120040 
10015 20029 3009 4003 50021 60020 70031 80017 90014 100017 110032 120040 
10011 20012 30023 40031 50021 60018 70032 80012 9008 100021 110017 120039 
10021 20017 30018 40031 50037 60020 70028 8002 90012 10007 11008 120042 
10033 20012 30021 4003 50012 60017 70029 8001 9008 100019 110024 120039 
10026 2006 3005 4002 50030 60022 70030 8005 90011 100024 110022 120042 
10025 2007 30032 40011 50021 60016 70031 8008 90010 10008 110024 120039 
10030 20029 30018 40010 50027 60017 70031 80024 9008 10004 110012 120042 
1003 2003 3008 40019 5009 60016 70033 8008 9006 10004 110018 120040 
1003 2001 30019 40020 50012 60016 70033 80028 9009 100019 11008 120038 
10035 2004 30027 40015 50023 60018 70031 8007 90010 10008 110032 120038 
10031 20014 3003 4009 50018 60016 70032 80029 90012 100018 110017 120042 
1005 2003 30010 4002 50028 60019 70033 80022 90013 100015 110019 120042 
1003 20010 30030 40017 50023 60021 70031 8001 90011 100021 110030 120038 
10011 20016 3002 4008 50030 60019 70033 80016 9008 10002 110032 120039 
10029 20015 30025 40018 5008 60017 70032 80023 9008 100018 110021 120041 
10014 2008 3007 40017 50027 60019 70028 80012 90012 10009 110012 120040 
10011 20011 30014 40027 50016 60017 70027 80016 9008 10001 110021 120037 
10025 20031 30023 4003 50023 60018 70028 8003 90010 10007 110014 120038 
10012 20013 30017 4005 50023 60021 70030 80010 90010 10001 110012 120042 
10017 20030 30022 40031 50032 60021 70033 8007 9008 10002 110017 120040 
10025 20020 30032 40012 50035 60018 70032 8005 90014 100031 110022 120039 
1008 20019 3009 40031 50022 60018 70029 80013 9009 10007 110031 120042 
10018 2005 30023 40018 5006 60019 70030 80018 9006 100019 11009 120042 
10019 20014 3002 40027 5006 60020 70029 80018 90010 100020 110024 120041 
10022 20026 30030 40027 50023 60017 70028 80023 90012 100020 110025 120041 
10016 2002 30023 40013 50017 60021 70032 80029 90012 100014 110020 120038 
10016 2009 30030 40026 50023 60017 70030 8008 90013 100024 110024 120037 
10027 20020 30015 40012 50028 60016 70031 80029 90012 100020 110016 120041 
10035 2006 30022 40023 50027 60020 70032 80011 90014 10002 11005 120036 
1002 20027 30026 4008 5009 60021 70030 8003 90013 10004 11001 120038 
10035 2005 3009 4002 50017 60019 70029 80015 90014 100017 110010 120038 
10016 20027 30015 40017 50027 60021 70028 8004 9009 100011 11004 120038 
20030 30013 40027 50020 60019 70031 8002 90011 100010 11001 120038 
10014 2003 30010 40024 50029 60022 70032 8009 9009 10004 11005 120039 
10011 2005 30015 40014 50029 60018 70028 80023 90011 100034 110020 120038 
10021 20014 3005 40026 50025 60017 70032 80019 90011 100023 110011 120037 
10031 20024 30032 4004 5003 60018 70029 80019 9009 100015 11007 120041 
10013 20019 30028 40019 5002 60021 70031 8003 9008 100021 110022 120040 
10011 2004 3005 40024 5008 60022 70031 80012 90012 10007 110020 120041 
10020 2009 30033 40013 50013 60021 70030 80023 9009 100027 110017 120040 
10033 20013 30032 40022 5002 60020 70027 80025 9008 10001 110013 120038 
10017 20020 40026 50027 60020 70031 8007 90010 100015 11009 120037 
10029 20026 3001 40013 50027 60017 70030 80018 9007 10003 11001 120041 
10014 20011 3009 4007 5008 60021 70033 80011 90011 10007 110012 120042 
10016 2004 30012 40019 5005 60020 70029 80027 9007 10003 110016 120037 
1009 20028 30012 40021 5002 60016 70030 8002 90011 10005 110021 120039 
10032 2005 30032 40021 5004 60020 70031 8008 90010 100025 110017 120041 
10034 20017 30010 40010 50028 60017 70031 80018 9008 100019 110032 120039 
10022 20030 30011 4008 5008 60021 70029 8006 9009 10001 110010 120039 
1003 20014 30026 4007 50028 60021 70029 8006 90013 100020 11005 120040 
10022 20018 3003 4007 5009 60018 70033 80024 9009 100025 11006 120040 
10017 20013 30014 40025 50030 60018 70030 8003 9008 10006 11004 120039 
10017 2008 30021 4003 50028 60021 70031 80024 9008 100019 110017 120040 
10023 20013 30013 40026 50019 60015 70032 80022 90013 100035 110023 120039 
10021 2001 3001 4003 50028 60015 70032 8006 9008 10007 110010 120042 
10014 2003 30024 40012 50036 60017 70030 8002 90013 100016 110014 120040 
10010 20028 3008 40021 50026 60016 70031 80029 90013 100023 110021 120037 
10017 20012 30017 40024 50028 60015 70031 80030 90011 100033 110025 120041 
10012 20013 3001 40018 50024 60017 70030 80014 90010 10003 110023 120040 
10021 20027 30020 40017 50024 60021 70029 80021 90011 100014 110015 120038 
1004 20023 3004 4009 50019 60021 70031 80018 9007 100031 11005 120040 
10030 20014 3004 40024 5001 60017 70031 80030 9008 10005 11004 120041 
10033 20025 30016 40023 50025 60022 70029 80021 9009 100036 110021 120040 
10037 20020 30027 40029 50025 60018 70032 80026 90010 100022 110022 120038 
10022 20026 3001 4004 50029 60018 70030 80020 90012 10003 11003 120037 
10020 2006 3002 4001 50010 60021 70033 80015 90011 10008 110022 120042 
10021 20025 3001 40023 50019 60016 70031 80012 90014 10005 11009 120038 
10034 20028 3007 40024 50010 60016 70032 80010 90010 100014 11002 120041 
10035 20023 3009 40030 5003 60017 70033 80017 9009 100022 11005 120038 
10032 20011 30031 4003 50030 60018 70028 80024 90014 100025 110021 120041 
1004 2001 30027 40028 5007 60017 70033 80026 90011 100020 11007 120041 
10030 20029 30033 40028 50026 60021 70033 80016 9008 10007 110018 120039 
10036 2004 30027 40023 50022 60017 70029 80016 90014 100022 110014 120039 
10031 2004 30016 40016 50035 60019 70031 8004 90011 100018 110013 120042 
10011 2001 30017 4004 50036 60020 70030 8005 9009 10003 110014 120039 
10029 2001 3007 40028 5005 60020 70029 8009 90012 100022 11007 120038 
10029 2008 3004 40029 50026 60016 70030 80010 90012 10005 110029 120038 
1005 20011 3001 40026 5004 60019 70032 80023 90011 100025 110025 120039 
10014 2005 30027 40021 5001 60020 70031 8008 90012 110013 120037 
10010 20013 3008 40022 50027 60020 70030 80022 90010 100019 11008 120038 
1001 20014 3007 4007 5004 60021 70031 80027 9007 100032 110019 120042 
10015 20010 30016 4003 5003 60017 70030 80017 9007 100013 11006 120037 
10030 20023 30029 40014 50029 60022 70030 80025 9009 10006 110023 120042 
10015 2004 3002 40010 50030 60019 70033 80026 9009 100024 110014 120039 
10037 20019 30015 4008 50020 60020 70028 80022 90010 100033 110021 120037 
10019 20019 30033 40019 50014 60019 70032 80018 9007 100010 110022 120041 
10017 2004 30024 40021 50024 60020 70033 80023 90010 100032 110033 120038 
10021 20012 3002 4009 50017 60020 70031 80020 90013 10001 11004 120042 
10036 2001 3001 40024 50028 60017 70028 80030 90010 10001 110024 120037 
10011 20023 3006 4005 50021 60018 70028 80029 9007 100032 110027 120039 
10028 20015 3003 40027 50017 60018 70032 80030 9008 10004 110012 120039 
10017 20028 3009 40017 50024 60017 70029 8005 90013 100027 11004 120041 
10015 2007 3001 4007 50022 60021 70030 80015 90013 100025 110018 120039 
10019 20017 30033 4009 50012 60016 70028 80010 90013 10004 110023 120038 
1009 20012 30029 40012 5003 60021 70032 80015 90011 100019 110023 120038 
10016 20014 30026 40011 50026 60022 70034 8003 90010 100024 11007 120038 
10035 2008 30016 4002 50037 60017 70031 8005 90014 100011 110013 120042 
10018 20030 30030 40028 5003 60017 70028 8001 90013 100023 11008 120042 
10029 20013 3003 40027 5005 60020 70033 80027 90011 100010 110019 120038 
10037 20010 3008 40011 50026 60023 70033 8002 9009 100015 110033 120041 
10023 20024 30033 40028 5002 60017 70032 80022 9009 100014 11008 120039 
1001 20020 30028 4007 50022 60022 70029 80018 90011 100033 110030 120040 
10019 2009 30028 4007 50016 60020 70032 8009 90010 100015 11003 120039 
10016 20012 30013 40024 5004 60020 70031 80018 90013 10008 11004 120041 
10012 20028 3001 40011 50019 60016 70028 80019 9008 100031 110015 120037 
10014 2009 3002 40030 5009 60018 70028 8002 9007 10004 110022 120037 
1001 20021 3004 40010 50015 60018 70031 80021 90013 10005 110033 120038 
10011 20024 3009 4001 5009 60018 70031 8004 90014 10001 110020 120041 
10016 20021 3005 40027 50030 60019 70027 80027 9007 100032 11004 120036 
10036 20023 3003 40031 50023 60021 70029 8005 9009 100021 110013 120039 
10025 2006 3001 40013 50011 60019 70028 8005 90012 100019 110010 120040 
10016 20022 30010 40011 50026 60020 70028 8003 9008 10008 11001 120041 
10018 2004 3001 4001 50023 60019 70030 80022 90014 100038 110020 120040 
10035 20030 30017 40030 5001 60020 70030 8004 90013 100024 110032 120041 
10019 2003 30032 40027 50026 60017 70028 80017 9009 10009 110029 120037 
10017 20014 3006 40027 5008 60020 70032 80021 9009 10007 11008 120037 
10032 20029 30032 4005 50036 60022 70032 80024 90010 10003 11003 120041 
10020 2002 30018 4003 50024 60017 70032 80013 90013 100024 11007 120038 
10028 20015 30017 40024 50010 60019 70030 80027 9008 100024 110010 120037 
10037 20027 30012 40021 50026 60017 70033 80020 90010 100015 110024 120039 
10030 2006 30011 40014 50019 60017 70028 80012 90010 100024 11005 120038 
10018 20021 30028 4006 50017 60021 70029 80017 90011 100024 110028 120040 
10014 20016 30012 4006 50022 60017 70030 8001 9009 100019 11007 120039 
10033 20015 30027 40011 5001 60019 70030 80029 90013 10003 110015 120039 
1003 20024 3003 4006 50022 60021 70032 80023 90012 10006 110027 120040 
10033 20015 30031 40022 50019 60016 70030 8005 90012 100023 110019 120040 
10030 20025 30032 40014 50036 60017 70030 80027 90011 100039 11004 120038 
10013 20011 30018 40010 5007 60016 70031 8007 90010 100022 11001 120039 
10031 2007 30014 4003 5002 60022 70029 8006 90012 100034 110022 120037 
10025 20025 30031 40030 50020 60019 70028 8004 90010 100025 11002 120042 
10037 20024 3001 4009 5004 60023 70036 80024 90015 100018 11002 120041 
10027 2008 3006 40022 50026 60019 70028 80012 90014 100017 11009 120037 
10031 20016 30017 40021 5003 60023 70034 80022 90016 100024 11005 120034 
10017 20022 30029 40021 50010 60025 70036 80026 90015 10005 11009 120036 
1009 20017 30019 40022 50018 60029 7003 80021 9002 100028 110025 120028 
1005 20021 30024 40011 50033 60034 7002 8006 90020 100026 110019 12005 
1007 20016 30026 40015 50028 60032 7008 80022 90016 100028 110023 120032 
1009 20012 30022 40015 50027 60031 7005 8004 9008 100028 110018 12001 
10011 20016 30018 40027 50025 60036 7003 80023 90019 100032 110033 120033 
1009 20026 30018 4002 50024 60034 7005 8008 9003 100029 110024 120034 
10010 20021 30024 40018 50019 60034 7006 80017 9008 100030 110011 120036 
1007 20011 30022 4006 5001 60028 7006 80013 90026 100029 110023 120026 
10010 20030 30020 4001 50031 60035 7007 80027 90025 100030 11006 120012 
1007 20026 30021 40023 5005 60027 7003 80028 9005 100031 110014 120031 
1007 2009 30026 40018 50017 60033 7007 80012 9003 100030 120013 
10011 2001 30020 4004 50034 60033 7003 80029 90019 100026 11008 120012 
10010 20024 30022 40011 50037 60036 7003 8008 9009 100028 11001 120028 
10010 2008 30024 4003 5007 60037 7008 8003 9002 100030 11008 120037 
10010 2007 30021 40025 50010 60036 7008 80015 9003 100027 110014 120036 
1007 20024 30023 4007 50029 60036 7004 80022 90011 100030 110012 120027 
1004 20014 30024 40010 50029 60037 7006 8007 90031 100030 110010 12009 
1009 20022 30021 40014 5004 60029 7005 80019 9005 100032 110031 120038 
1009 20021 30026 40016 50018 60036 7005 8004 90029 100029 110015 120012 
1008 20023 30020 40024 50022 60026 7007 80027 9007 100026 110023 120032 
10010 2003 30025 4004 50029 60035 7006 80029 90030 100028 11002 120027 
10010 20012 30021 40013 50018 60034 7007 80016 90024 100029 110016 120028 
1006 20012 30026 4007 50016 60033 7006 80021 9005 100031 110014 12001 
1007 20013 30025 40030 50022 60036 7005 80010 9006 100031 110021 120025 
1007 20019 30026 40031 5008 60032 7003 80027 90020 100029 110016 120026 
1004 2003 30025 40011 50019 60028 7008 80029 9006 100025 110029 120011 
1008 20023 30020 4007 50023 60036 7003 80016 9001 100027 110019 120033 
1009 20022 30021 40010 5009 60027 7003 8003 90012 100027 110032 12003 
1008 20015 30023 40023 5004 60035 7004 8002 9002 100027 110019 12001 
1005 2001 30020 4005 50037 60034 7003 80013 90033 100027 11004 120035 
1006 2006 30021 4002 50019 60034 7002 90027 100027 110025 120021 
1005 2005 30025 40013 50032 60036 7004 80025 90031 100031 11002 120028 
1005 2003 30019 4004 5004 60034 7005 80026 90020 100031 11008 120042 
10011 20010 30021 40018 50021 60031 7008 8001 90024 100031 11007 12001 
1006 2001 30021 4001 50018 60026 7003 80011 90018 100027 110025 12006 
1005 20025 30024 40031 50032 60031 7004 80019 90026 100030 110012 12002 
1009 2006 30021 40016 5006 60027 7006 80019 90013 100028 11008 12004 
1003 20017 30025 40021 5007 60027 7003 8009 9001 100028 110016 12001 
1009 20025 30023 4003 50018 60037 7002 80011 90011 100027 110033 12004 
1006 20015 30022 40020 50026 60028 7008 80024 90031 100030 110020 12005 
1006 2002 30025 40025 50021 60032 7004 80026 9001 100029 110010 120010 
10010 20020 30025 40013 5003 60032 7008 80023 90026 100030 110015 12001 
1009 20021 30022 40020 50024 60033 7006 8008 90010 100027 110014 120035 
1004 20021 30024 40026 5007 60037 7003 80015 90032 100027 110021 120037 
1008 20010 30021 40025 50023 60026 7008 80018 90019 100030 110013 120032 
1008 20028 30019 40011 50023 60035 7003 80020 90023 100031 110024 120030 
1007 2005 30026 4006 50028 60032 7006 80017 9005 100030 110033 120012 
1006 20021 30022 40031 5009 60032 7004 8006 90032 100028 11009 120025 
1006 20025 30024 40031 50036 60036 7007 80019 90012 100029 110017 120032 
1005 2007 30021 40030 50019 60028 7003 80030 90026 100029 110023 120029 
1008 2004 30024 40015 50024 60031 7003 8001 90015 100028 11007 120036 
1008 20015 30022 40021 50012 60034 7007 80012 90015 100026 11003 120024 
1004 2001 30026 40013 50010 60030 7005 80010 90032 100026 110012 120028 
1008 2008 30023 4006 5006 60032 7003 80026 90024 100026 110015 120011 
1008 20025 30025 40015 50017 60037 7006 8002 9007 100026 110024 120014 
1005 20015 30023 4002 5002 60034 7005 80015 90031 100030 11004 120035 
1009 20013 30020 40015 5008 60035 7005 8008 90024 100027 11002 12004 
1005 20028 30023 40010 50023 60036 7008 80026 90029 100032 110030 120024 
1007 2002 30024 40025 50036 60034 7006 8005 90033 100032 110016 120024 
1004 20027 30027 40016 5006 60027 7002 80029 9006 100029 11001 120027 
1006 20013 30020 4006 50031 60026 7004 80028 90029 100027 110028 120030 
1005 2003 30022 40020 50011 60032 7004 8005 90015 100031 110016 120033 
1004 2009 30022 4009 50027 60035 7006 8007 90032 100030 110033 120035 
1008 2003 30024 40024 5004 60034 7006 80013 9004 100028 110023 120012 
1005 20010 30020 40013 5004 60031 7004 8002 90021 100028 110026 120030 
1008 20016 30025 4003 50019 60027 7007 80016 9006 100031 11006 12004 
1008 20023 30022 40026 50022 60028 7005 8003 90015 100030 110022 12005 
1007 20015 30019 40015 5003 60034 7007 80014 90030 100029 110032 120017 
1005 20024 30023 40022 50017 60027 7008 80010 90028 100030 110011 12007 
1006 2003 30020 40022 5005 60033 7007 80021 90017 100031 11009 120029 
1007 2007 30020 40023 50019 60035 7008 80029 90028 100029 11002 120031 
1004 2006 30024 4004 5009 60030 7003 8006 90023 100028 110018 120029 
1005 20015 30021 40017 5008 60032 7007 80027 90027 100026 11002 12001 
10010 20024 30024 40020 50019 60027 7006 80015 90014 100028 11002 120012 
1007 20018 30021 40029 50028 60035 7003 80029 90025 100028 110010 120010 
1005 2005 30027 40028 5008 60035 7007 80015 90031 100032 110033 120026 
1004 20015 30026 40024 50016 60035 7007 80013 9002 100029 110033 120028 
1007 20018 30019 40026 5003 60037 7004 80022 90030 100026 11001 120025 
1008 2006 30025 40028 50010 60029 7007 80027 90019 100029 110016 120027 
1008 20013 30022 40031 50031 60034 7006 8002 90024 100029 11009 120020 
1007 20010 30025 40030 5004 60033 7007 80012 9009 100025 11008 120028 
10011 20014 30026 4004 50036 60035 7005 80028 90014 100030 110018 120011 
10011 20022 30022 40016 50021 60028 7004 80011 9003 100030 110020 120034 
1006 20016 30026 40017 50021 60028 7003 8001 9004 100027 110020 120029 
1009 20022 30024 4007 5009 60026 7005 8002 90023 100028 11009 120026 
1005 20017 30020 40023 50022 60030 7004 8002 90029 100031 11005 120031 
1008 2007 30023 40029 50021 60031 7005 8008 90032 100026 11009 120028 
1005 20024 30023 40010 50015 60032 7003 80011 9006 100026 11009 120035 
1006 2007 30022 4002 5006 60028 7004 80015 90031 100028 110023 12003 
1005 2006 30022 40015 5004 60027 7005 8008 9006 100026 110014 120027 
1007 2004 30025 4007 5005 60037 7006 80013 90020 100027 110015 120022 
1009 20024 30019 40011 50035 60031 7006 8001 9001 100030 110024 120029 
1006 20028 30023 40029 5006 60031 7003 80019 9005 100031 110012 120033 
1008 20021 30024 40018 5003 60031 7005 80029 9001 100026 11007 12002 
10010 20021 30022 40022 50014 60028 7008 8003 90013 100028 11006 120037 
1007 20014 30024 40022 50036 60029 7007 80022 9003 100030 110011 120013 
1004 20025 30023 40027 5007 60037 7004 8005 90016 100026 110031 120030 
1005 20018 30022 40019 5007 60030 7008 8007 90024 100031 11004 120015 
1004 20028 30021 40025 5005 60036 7007 8002 9001 100028 110015 120026 
1006 2009 30025 40030 5003 60036 7006 8008 90010 100030 11006 120034 
10010 20011 30023 40026 50034 60032 7004 8001 9007 100028 110020 120032 
1008 20021 30022 40024 50017 60031 7005 8008 9005 100030 110026 120020 
1009 20030 30024 40031 50021 60029 7004 8001 9001 100031 110015 120029 
1006 20030 30022 40026 5006 60027 7004 80017 90028 100029 110019 120035 
1004 20016 30020 40022 5004 60029 7008 8008 90018 100030 110013 12003 
1005 20023 30025 40031 50020 60030 7008 80021 9006 100029 110021 120012 
1008 20012 30019 40018 50019 60029 7008 8001 90027 100027 110032 12003 
1004 2001 30024 40029 50022 60036 7006 8008 90021 100028 110022 120027 
1004 2007 30023 40021 50011 60027 7004 80011 9003 100030 110021 120035 
10010 20023 30019 40027 50028 60029 7003 80025 90022 100029 11006 120016 
1008 2002 30026 4007 50018 60037 7003 8001 90033 100029 11001 12004 
1009 20026 30022 40025 50028 60029 7006 80015 90030 100028 110032 12004 
10010 20015 30025 40023 50027 60035 7004 80028 90017 100027 110016 120030 
1006 20015 30026 40024 50034 60033 7007 8006 90016 100031 11008 120036 
10010 20029 30024 4004 50024 60030 7008 80020 90031 100029 110033 12002 
1005 20013 30020 40021 5002 60029 7005 8004 90017 100026 11001 120025 
1006 20030 30026 40015 50026 60027 7005 80025 9008 100027 11002 120016 
1008 20021 30026 40018 50019 60031 7007 80011 90019 100031 110020 120035 
1005 20012 30023 40011 5002 60028 7005 8001 90029 100031 11002 120033 
1006 20030 30026 40011 50016 60030 7002 80024 90015 100029 110018 12007 
1007 20029 30024 5008 60030 7008 80023 9003 100032 110019 120025 
1008 20013 30024 4002 5002 60028 7006 80017 90021 100031 110015 120034 
1005 20017 30021 40025 50022 60032 7003 8008 90032 100029 110021 120027 
1007 20021 30020 4001 50026 60028 7007 8006 9004 100029 110023 120013 
1005 20020 30021 40014 50023 60035 7004 80025 90016 100029 110010 120025 
1007 20013 30025 40020 50021 60037 7007 8006 90014 100029 110025 120024 
1009 20022 30020 40016 5008 60032 7007 8003 90022 100026 110018 12005 
1005 2006 30025 4003 5008 60038 7004 8007 9007 100032 11003 120030 
1005 2004 30022 40018 50024 60030 7006 80012 9001 100025 11007 120032 
1009 20021 30021 4003 50034 60029 7007 80013 90016 100028 110018 120031 
1004 20023 30020 40029 50035 60034 7005 80010 90019 100032 11006 12001 
1006 20023 30023 40018 5005 60031 7006 80015 9003 100028 11009 12002 
1003 2001 30020 4006 50028 60026 7004 80017 90024 100029 110010 12002 
1005 20031 30025 40010 50011 60031 7004 80016 9002 100027 11002 120033 
1004 20030 30021 40030 5004 60037 7007 80025 9007 100032 110017 120032 
1008 20013 30022 40026 5007 60036 7007 80021 9003 100030 110024 120035 
1007 2002 30021 40029 5005 60028 7005 8002 90028 100026 110010 12004 
1008 20013 30023 40028 50017 60035 7007 8007 90012 100026 110021 12004 
1007 2004 30026 40024 50028 60035 7004 80018 9002 100027 110018 120026 
10010 20029 30025 4003 50029 60030 7005 8007 90028 100030 110013 12007 
1006 20019 30026 40023 50030 60026 7004 80012 90025 100026 110025 120027 
1009 20028 30021 40023 5007 60029 7004 80021 90017 100029 110017 120035 
10010 20014 30025 40020 50019 60033 7003 80012 9003 100028 11004 120035 
1006 20030 30021 40011 5005 60029 7005 80021 90026 100030 110012 120032 
10010 20014 30024 40024 50029 60033 7004 80017 90028 100031 110033 12006 
1004 20025 30025 40025 5006 60037 7006 80018 90025 100028 110033 
1009 2009 30022 4005 50025 60027 7008 80020 90030 100031 11001 120029 
1008 20017 30022 40026 50021 60032 7006 80016 9001 100028 11003 120012 
10010 20019 30027 40019 5004 60028 7008 80014 90024 100032 110011 120012 
1007 20017 30019 4006 50020 60031 7007 80021 90029 100027 11002 120026 
1007 2008 30022 40027 50019 60034 7007 80015 90031 100031 110016 120031 
10010 20019 30026 40023 50024 60025 7002 80015 9009 100028 110033 120027 
1006 2007 30023 40019 50028 60034 7004 8003 9004 100029 11005 120030 
1007 2003 30026 40018 50028 60036 7006 80023 90023 100030 110013 120041 
1009 2008 30024 40018 50010 60029 7006 8006 90029 100025 11001 120030 
1007 20020 30023 40024 50027 60033 7005 8008 90030 100027 11001 120027 
1005 20016 30020 40031 5005 60031 7006 8003 9007 100030 110033 120014 
1009 20018 30022 40014 5008 60027 7005 8006 90021 100031 110018 120029 
1006 20023 30023 40019 50028 60034 7005 80028 90029 100026 110021 120034 
1006 20025 30021 40010 5005 60037 7005 80026 9003 100029 110022 120012 
1004 20030 30026 40016 50021 60028 7002 80017 90032 100027 11006 120041 
10010 20031 30019 40023 50022 60034 7007 8005 9009 100028 110011 120029 
1007 20025 30021 4007 50029 60038 7008 80024 90021 100026 110015 120034 
10010 20021 30023 4004 50027 60029 7004 80010 90033 100028 110028 120031 
1008 20024 30024 4008 50020 60036 7006 80024 90029 100032 110022 120033 
1006 20025 30025 40027 50025 60031 7006 8005 90022 100029 110018 120027 
1009 20017 30021 40029 50029 60031 7004 80021 9001 100029 110017 120025 
1005 2002 30023 40028 5002 60038 7007 80025 9008 100031 11005 120037 
1008 2003 30026 40024 5002 60032 7005 80013 90025 100027 11002 120013 
1007 2005 30024 40021 50022 60035 7006 80022 90028 100027 110028 120016 
10010 20027 30025 40012 50013 60033 7005 80018 90022 100030 110014 120041 
1006 20011 30023 40022 50017 60033 7008 80012 90023 100029 11006 12002 
1009 20010 30026 4009 50027 60034 7003 8002 90015 100026 11007 120027 
1006 20018 30023 40018 50033 60028 7003 8006 90020 100030 110014 120033 
1006 2005 30021 40027 50021 60035 7005 80026 90030 100026 110024 120011 
1008 20020 30019 40016 50026 60027 7007 80022 90024 100027 110012 120024 
1009 2004 30025 40019 50022 60030 7007 80025 9001 100032 110015 120026 
1008 20017 30027 40010 50022 60036 7008 80019 90030 100027 110016 12004 
1007 20020 30020 40017 50036 60030 7003 80017 90024 100030 110015 120035 
10010 20019 30026 4005 5003 60033 7008 80027 9004 100030 110016 120011 
1007 2001 30023 40018 5009 60031 7008 8009 90020 100025 110026 120033 
1003 20027 30024 40021 5006 60028 7007 80030 9001 100029 110033 120029 
10011 20026 30022 40020 50035 60026 7006 80022 90021 100031 11008 120033 
1008 20012 30024 4007 5002 60037 7002 8009 90018 100028 11005 120027 
1009 20017 30021 40025 5005 60037 7004 80025 90016 100029 110014 120034 
10010 20028 30020 40021 50017 60037 7004 80025 9005 100031 110017 120016 
10011 20012 30022 40013 50026 60030 7004 80024 90022 100025 11002 12001 
1005 2007 30023 4004 50031 60034 7005 80012 9002 100028 11007 120036 
1006 20012 30025 40011 50011 60029 7005 80020 90032 100027 11007 120024 
1009 20026 30027 4008 5007 60028 7003 80027 9004 100028 110023 120013 
1008 20018 30020 40021 5002 60030 7008 8004 90022 100031 110030 120040 
1009 2003 30022 40019 50022 60036 7006 80026 90027 100027 11009 120036 
1008 2003 30019 4002 50017 60027 7004 80014 9002 100026 11004 120037 
1006 20014 30022 4004 50016 60029 7006 80025 90023 100031 11004 120024 
1009 20027 30024 40019 50019 60033 7007 80018 90025 100032 110012 120029 
1004 20011 30021 40026 50022 60035 7003 8002 90024 100027 11006 120025 
10011 20029 30030 40028 5004 60039 70010 8003 90030 100033 11004 120013 
1006 20029 30030 40021 5009 60039 70010 80030 90028 100032 110011 12009 
1009 20024 30030 4007 50032 60037 70011 80020 90014 100035 110022 120029 
1007 20021 30030 4008 50020 60038 7009 80026 90022 100024 11009 120029 
10022 20028 30019 40028 50013 60024 70035 80021 9007 100034 110030 120013 
10026 20027 30010 4001 50016 60027 70021 80030 90030 100036 110026 120015 
10029 2001 30030 4002 50011 60039 70034 80019 90021 100033 110030 120016 
10025 2006 3005 4005 50015 6008 7001 80015 90023 100038 110025 120022 
10023 20020 30010 40014 50013 60027 70021 80028 9003 100038 110027 120013 
10025 20031 30015 40018 50016 6008 70016 80028 90015 100035 110030 120019 
10026 2009 30013 40025 50014 60038 70012 8009 90033 100039 110029 120013 
10023 2004 30015 40013 50015 6007 70038 80022 9005 100038 110028 120016 
10024 2004 30015 40023 50013 60037 70037 80024 9004 100033 110031 120014 
10027 20018 30021 40014 50017 60025 70027 80013 9002 100039 110026 120017 
10024 20016 3001 40026 50014 6005 70039 80022 9002 100037 110029 120020 
10027 20011 30023 40029 50013 60014 70038 80013 90012 100035 110032 120019 
10026 20012 30019 4009 50015 60010 70020 8006 90032 100033 110028 120017 
10024 20017 30026 4001 50014 60012 70028 8009 90013 100037 110028 120016 
10025 20010 3009 40029 50016 6006 7002 80027 9005 100039 110029 120018 
10023 20027 30020 4009 50014 60023 7003 80014 90030 100036 110029 120013 
10028 20028 30017 4002 50016 60014 7007 8009 90031 100037 110030 120016 
10024 20030 30013 40023 50015 60016 7001 8004 9005 100037 110026 120018 
10025 20018 30027 4002 50014 6001 70039 80026 90017 100037 110027 120020 
10028 20011 30017 4009 50015 60024 70028 8007 9001 100036 110030 120016 
10026 20030 30011 40015 50015 60032 70011 80030 9004 100035 110031 120013 
10026 20020 3006 4001 50017 60025 70021 80018 90016 100037 110027 120013 
10023 2008 30017 40015 50015 6008 7009 8009 90030 100033 110028 120014 
10027 20016 30031 40029 50017 60038 70019 8007 9008 100038 110028 120024 
10026 20015 30016 40026 50010 60039 70011 80025 90010 100034 110030 120014 
10026 20027 3002 40019 50015 60026 70011 8009 90025 100038 110031 120016 
10022 2006 30019 40023 50014 6003 70039 8009 90030 100035 110030 120019 
10024 20022 30032 40031 50011 60026 70010 80030 90018 100035 110026 120019 
10025 20022 3007 4001 50014 60024 70010 80028 90027 100038 110031 120013 
10025 20030 30015 40018 50012 6005 7002 80028 90026 100033 110029 120015 
10023 20025 30029 40017 50015 60038 70039 80027 90028 100037 110028 120018 
10027 20023 3008 4002 50016 60024 70036 80029 90020 100035 110029 120019 
10025 20022 30018 40024 50017 60012 70037 8002 90024 100035 110031 120013 
10022 20011 30015 4008 50016 6002 70038 80016 90027 100035 110031 120017 
10026 2007 30017 40019 50011 6004 70019 80021 90020 100034 110032 120019 
10027 20017 30029 4007 50012 60024 70035 80012 9007 100035 110025 120022 
10025 20014 30029 40016 50015 60025 70027 8006 90014 100033 110028 120015 
10023 2001 3004 40019 50015 60013 70011 80016 90022 100037 110027 120017 
10023 20023 30019 4001 50013 6006 70010 8003 90031 100034 110031 120014 
10021 20015 30031 40010 50012 6007 70027 80011 90031 100035 110029 120016 
10025 2007 3008 4001 50011 60012 70020 80011 90030 100035 110029 120016 
10026 2008 3004 40025 50012 60025 70023 80029 90019 100038 110030 120022 
10023 20027 30026 40016 50011 60030 70012 8003 90030 100036 110027 120021 
10024 20026 30027 4001 50012 60011 70038 8008 90014 100037 110025 120013 
10025 2001 3004 40030 50014 6009 70038 80025 90025 100039 110030 120021 
10022 20021 3005 4008 50011 6003 70023 80022 9005 100037 110028 120023 
10027 20026 3007 40031 50016 60022 70034 80028 90019 100036 110030 120018 
10028 30013 40030 50017 6007 70010 80027 9001 100036 110031 120018 
10022 20022 30027 40017 50013 60027 70033 8009 90028 100034 110030 120016 
10024 20018 30016 40017 50015 60039 70017 80012 9002 100034 110030 120014 
10023 2008 30010 4008 50012 60020 70034 80021 90014 100035 110027 120019 
10023 2004 3005 40023 50016 60023 7008 80018 90014 100037 110027 120021 
10028 20013 3005 40014 50016 60015 70035 8005 90030 100039 110026 120019 
10026 2004 30012 40010 50014 60024 7001 80014 90033 100039 110028 120018 
10024 20024 3002 40027 50011 60022 70019 80019 90018 100038 110026 120017 
10027 20017 30023 40023 50013 60010 70012 80011 90015 100039 110025 120015 
10027 2009 30010 40026 50016 6006 70021 8009 90024 100038 110027 120020 
10026 2001 30027 40015 50011 6007 70014 8003 90030 100037 110033 120023 
10028 2003 30031 40026 50010 60038 7001 80016 90024 100038 110032 120013 
10029 20011 30028 4001 50011 60039 70015 8009 90017 100038 110027 120018 
10029 20014 30018 4009 50016 60013 70020 80021 9005 100036 110025 120022 
10025 20028 30017 40025 50014 60026 70035 80030 90027 100033 110029 120018 
10023 20026 30015 4003 50014 60021 70015 80015 9003 100036 110027 120020 
10026 20028 3006 4003 50010 6008 70013 8008 9005 100035 110028 120016 
10029 2009 3004 40016 50014 60010 7009 80027 9004 100035 110031 120015 
10029 2006 30012 40011 50013 60038 70037 8006 90033 100035 110030 120016 
10027 2008 3004 4004 50014 60015 70036 8004 90029 100038 110032 120015 
10026 20028 30013 40021 50016 6002 70013 80027 90024 100034 110029 120024 
10028 20022 3007 40017 50012 6005 70028 80016 90022 100036 110029 120021 
10022 2007 30019 40031 50015 6007 70021 80018 90033 100034 110028 120017 
10027 2005 30027 40022 50013 60012 70014 80017 9006 100035 110028 120020 
10027 2008 30012 40014 50011 60038 70018 80025 90020 100034 110029 120016 
10026 20023 30021 4008 50011 6008 70016 8004 90026 100039 110028 120012 
10026 20026 30012 4002 50014 60013 70020 8002 9002 100038 110029 120017 
10023 20017 3004 40010 50015 60023 7003 80019 9004 100038 110026 120015 
10022 2001 30011 40013 50014 60025 70011 8006 90015 100036 110026 120020 
10023 20020 30027 40027 50016 60037 70027 80016 9003 100035 110025 120015 
10028 20025 30029 4005 50012 6001 70029 80012 90031 100039 110029 120014 
10024 2007 30028 40011 50014 60022 70033 80010 9005 100039 110026 120015 
10025 20012 3006 40029 50017 6007 70021 80026 90030 100038 110032 120013 
10022 20018 30025 4009 50015 60010 70035 8009 9002 100033 110032 120021 
10025 20015 30015 40014 50011 60017 70039 8009 9007 100039 110028 120014 
10025 2004 30010 40029 50016 60022 70033 80011 90031 100035 110029 120020 
10026 20018 3001 40027 50014 6009 70037 8005 90020 100037 110028 120017 
10028 20028 3002 40017 50010 6001 70033 80024 90014 100038 110028 120017 
10028 20018 30025 40015 50010 60015 70034 8003 90020 100036 110028 120022 
10023 2009 30032 40015 50011 60018 70035 80015 90026 100035 110027 120019 
10023 20017 30017 4004 50013 6009 7001 80012 9003 100034 110030 120019 
10026 2007 30017 4004 50014 60023 80028 90022 100039 110027 120020 
10024 2005 3009 4001 50010 6009 70028 80017 90028 100035 110026 120014 
10024 20014 30017 40013 50016 6004 7003 80024 9002 100036 110031 120022 
10027 20023 3002 4005 50015 60023 70035 8001 90031 100037 110028 120015 
10024 20019 30025 4002 50016 60026 7005 8004 9004 100033 110027 120016 
10023 20018 30032 40011 50015 6001 7001 80013 90027 100037 110028 120017 
10026 2008 30019 40027 50010 60036 70037 80021 90033 100036 110031 120024 
10029 2002 30016 40016 50013 6006 70037 80023 9006 100037 110026 120013 
10021 20021 3009 40017 50010 60018 70028 80029 90022 100035 110032 120018 
10027 2009 30015 40023 50014 6005 70027 80014 90013 100036 110027 120017 
10025 2006 3001 4008 50011 6007 70011 80018 9004 100036 110026 120020 
10027 20024 30017 40020 50014 60025 70027 80013 9004 100037 110026 120017 
10024 20015 30030 4002 50011 6008 7001 80018 90017 100037 110030 120016 
10028 2008 3003 40025 50015 60013 70027 8003 90013 100039 110025 120013 
10028 20010 3008 40024 50011 6008 70029 80029 90021 100039 110025 120018 
10024 2003 30010 40015 50010 60012 70035 80030 90026 100033 110027 120015 
10023 20021 30026 40020 50016 60038 70010 80018 90015 100039 110030 120016 
10029 20016 30021 40027 50015 6009 70038 80028 90017 100034 110031 120015 
10029 2006 30018 40031 50012 60037 70029 80024 9002 100033 110031 120020 
10023 20015 30018 40016 50012 60038 70036 8007 9007 100036 110026 120014 
10027 20012 30017 40026 50015 6001 70013 80031 90022 100033 110027 120019 
10022 2006 3008 4007 50011 60012 70036 80017 90019 100033 110030 120019 
10029 2007 3001 40031 50012 60015 70039 80029 90016 100035 110028 120020 
10024 2002 30016 40024 50014 60016 70028 80012 90023 100036 110030 120022 
10022 20027 30021 40022 50011 60025 7002 80012 90028 100035 110026 120017 
10026 2001 30025 4003 50013 6002 70023 80020 90033 100034 110031 120018 
10026 20019 30031 40028 50014 6005 70028 8004 90025 100036 110029 120021 
10024 20016 3009 40011 50016 60038 70026 8005 9007 100037 110026 120015 
10022 2009 30012 40026 50017 60011 70013 80022 90029 100034 110027 120022 
10025 2006 30029 4009 50013 6004 70020 80016 90018 100038 110025 120014 
10025 20014 30024 40019 50017 60024 7008 80018 90014 100033 110026 120012 
10024 20018 3004 40015 50014 6006 70039 8004 9002 100036 110031 120015 
10022 20011 3002 4006 50011 70010 80013 9002 100033 110027 120017 
10027 20023 30014 40031 50013 60011 7003 80015 90020 100033 110032 120019 
10024 2003 3005 40019 50015 60018 7005 8008 9004 100034 110031 120013 
10027 20014 3009 4002 50012 6008 70036 80011 90033 100035 110031 120018 
10028 2007 3008 40017 50013 60018 70015 8007 90024 100034 110031 120013 
10024 20021 30029 40029 50012 60020 70012 80020 90014 100038 110027 120021 
10027 20029 30026 40020 50013 6005 70022 80023 90032 100033 110026 120021 
10025 20017 30015 40013 50011 6005 70033 80026 90026 100036 110027 120023 
10025 20027 3006 40014 50017 60015 70037 80023 90021 100035 110032 120021 
10029 20021 30030 40019 50014 60038 70027 80014 90030 100039 110027 120019 
10026 2004 3005 40015 50014 6008 70016 8001 90023 100036 110027 120018 
10027 2003 30033 40012 50015 60020 70026 80015 90026 100034 110024 120016 
10025 20021 30013 40011 50015 60024 70034 80012 90028 100035 110030 120019 
10022 20022 30030 40031 50012 60025 70010 80020 90033 100034 110025 120021 
10025 20026 3009 40022 50012 60038 7009 80026 9002 100036 110024 120023 
10028 2004 30034 40019 50011 60012 70013 80021 90017 100039 110026 120014 
10027 2001 30028 40024 50014 60011 70026 80013 90026 100037 110026 120014 
10028 20028 30028 40011 50016 6002 70034 8005 9004 100037 110026 120015 
10028 20017 3006 40019 50015 60010 70012 80010 90023 100038 110026 120019 
10026 20021 30017 40026 50013 60013 70039 8004 90023 100038 110028 120014 
10023 20030 30018 40014 50012 60037 7003 8003 90022 100035 110030 120014 
10024 20024 30029 40017 50012 60025 7009 8002 90032 100038 110030 120020 
10027 2008 30023 4002 50014 60022 70020 80025 90016 100038 110027 120013 
10024 20024 30012 40030 50011 6004 7007 80022 90030 100035 110025 120023 
10024 20013 3009 40031 50016 6009 70019 80014 90030 100033 110032 120022 
10028 2005 3002 40029 50010 6004 7002 80022 90012 100037 110031 120014 
10029 2003 3005 4009 50013 60010 70012 80023 9001 100037 110029 120018 
10025 20022 30033 40016 50012 60010 70010 80027 9004 100039 110029 120021 
10026 20011 30013 40023 50015 60034 70034 80020 9007 100033 110028 120021 
10029 20031 30010 40013 50013 60022 70019 80029 90029 100035 110031 120017 
10023 2009 30015 40030 50017 60026 70035 80027 90026 100034 110027 120013 
10026 20027 30016 40032 50012 60014 70019 80020 9005 100039 110025 120022 
10022 2002 30017 40016 50016 60014 70022 8006 90024 100034 110029 120023 
10025 2002 3002 40024 50011 60010 70017 80012 9007 100039 110031 120017 
10028 20020 30033 40028 50014 60014 7001 80010 90030 100036 110027 120015 
10026 20023 3005 4006 50012 60024 70020 80018 9003 100038 110026 120014 
10023 20024 30032 4009 50015 60030 70011 8006 9001 100039 110029 120013 
10023 20024 30027 40014 50011 60015 70028 80021 90022 100039 110026 120022 
10022 20027 30026 40031 50012 60023 70035 80026 90018 100038 110027 120014 
10026 2006 3008 40025 50016 60016 70014 8006 90014 100037 110026 120015 
10022 20024 30028 4006 50012 60016 70019 80012 90024 100035 110029 120018 
10023 20028 30030 40020 50013 60038 70013 80020 90026 100036 110025 120023 
10026 20014 3001 40013 50015 60013 70011 8002 90031 100038 110032 120017 
10027 20016 30028 40013 50015 60024 70036 80016 90015 100038 110030 120018 
10022 20015 3009 4005 50011 60014 7006 8004 90016 100033 110029 120024 
10027 2005 30025 40028 50010 6005 70036 80029 90015 100036 110030 120020 
10026 20019 30026 4005 50010 6006 70013 8005 90019 100037 110030 120015 
10028 20024 30030 40022 50014 6001 7009 80024 9002 100038 110026 120014 
10028 20016 30016 40029 50015 60022 70020 8005 9006 100038 110028 120013 
10025 20029 3006 40015 50014 60014 70034 80027 90014 100037 110027 120021 
10028 20012 3007 40010 50012 60029 70027 8001 90032 100034 110029 120017 
10023 20031 30031 4002 50013 60013 70010 80030 90027 100034 110027 120015 
10024 20011 30027 40010 50011 60015 70016 80016 9005 100038 110028 120015 
10028 20019 30033 40014 50013 60012 70033 8003 90025 100034 110028 120013 
10027 20019 30011 4006 50016 6004 7006 8009 90028 100037 110027 120020 
10024 20011 30014 40017 50016 60016 70035 80030 9003 100039 110025 120012 
10027 20026 30028 40021 50013 6001 70035 8006 90029 100033 110030 120014 
10023 20028 3005 40029 50015 6005 70011 80030 90015 100036 110029 120018 
10025 20010 3006 4008 50010 60010 7002 80014 90026 100037 110028 120018 
10022 20030 30019 4009 50013 6008 70011 8009 90021 100038 110031 120018 
10024 20022 30015 4004 50013 6009 7001 80027 90022 100039 110027 120020 
10024 20019 3008 40029 50012 60012 70021 80016 90031 100039 110031 120021 
10024 20029 3001 4005 50014 6006 70017 8007 90022 100036 110030 120020 
10025 2005 3004 40017 50010 60016 70021 8008 90026 100036 110028 120021 
10023 20022 30029 40029 50013 60033 70020 8001 90016 100035 110030 120015 
10022 20027 3007 40027 50013 60024 7008 80022 90017 100035 110033 120023 
10028 20012 30033 4008 50012 6008 70033 80010 9004 100039 110030 120022 
10024 20023 30032 40010 50013 60022 70020 8009 90021 100036 110028 120016 
10026 20019 3002 4001 50012 6005 70020 8005 90032 100036 110031 120013 
10027 20012 3006 40014 50012 60014 70035 80027 90022 100037 110029 120016 
10028 20021 30012 40026 50016 60039 70014 80025 90019 100038 110025 120015 
10026 20011 30014 40013 5009 60015 70011 80015 9006 100036 110031 120020 
10022 20013 30031 40013 50012 6007 7004 8002 90024 100036 110028 120015 
10027 2004 3009 40019 50013 6006 70012 80013 90027 100034 110029 120014 
10024 20030 30013 40013 50014 6004 7002 80019 90024 100033 110027 120017 
10027 20018 30011 40021 50010 6003 70012 80015 90032 100037 110030 120016 
10030 20024 30032 4007 50018 60035 7005 8004 90028 100033 110034 120025 
10030 20018 30032 4008 50018 60038 7002 80028 9004 100031 110030 120024 
10030 20025 30026 4003 50016 60013 7001 8003 9003 100031 110032 120024 
10029 2006 30017 4001 50019 60017 70028 80025 9009 100034 110031 120026 
